215 Ι

1100660ος, 1110106 0. 141.

1100100000ηο0010600000 63, 196.

1101060000, Wilhelm v. 9, 32, 33,
36, 58, 66, 83, 167, 168, 170, 205.

1101000, 10600000 0. 169,

11110000, 11106001 4, 6.

1110010000, 1110106 85.

1106000000169, 192.

Rommel 0. 1100000οΙ.

1101, 1060000076, 96, 135157,

158.
1101000001, Hieronymus 15, 23, 36.
1100000110, 3001010000, 0006100601
0. Ravenna 15.
- 1000000, 6100601 0. 1000000168.
30000001, Andreas 2.

11006101000000 113, 176.

8006000, 60006ςο 000

- 61600061168

- Ernst 168, 178.

- wilhelm 169.

8116000, 1100006 58.

Sallust 18, 38, 45, 132.

Sam, Jacob 83, 101.

806000060ος, Ρο100 0. 8, 41, 109,
117, 128, 129,145, 163168. ,

8060001, Heinrich 54.

-, dassen frau 54, 147.

- 8006000, Ηο0000000 0060000100-
kind 202.

- Marcus 7, 12, 39, 71, 75, 84, 04,
103107, 112125. 177.

- 1100100000 6, 11, 35, 39, 53, 59,
63, 64, 70, 75, 76, 81, 84, 90, 92,
94, 97, 103, 105 610 107, 100111
110 113, 125, 145, 146,164,165,
166177, 180184, 185188, 193,
195, 196, 201, 202, 208.

«- 00100 1000 203.

-10600000 7, 12, 40, 71, 85107,
125, 161177, 178, 180.

- Gaorg 71, 75, 188, 106, 197,
203, 207.

80610600 [0. 1101006000] 187.

Schmin, 111001οιιο [0. Augsbnrg] 57.

806610, 1100006177, 179, 184, 187,
202.

- 8100600 187.

Seneca 46, 79, 136, 161, 162, 208.

8000000060111, 10600000 3.

8000, 10600000 194.

300100 110100 84,

80000006, 0110 v. 169.

80000000, 10600000 61.

stamheim, 1101061οο 0. 198.

81000010, conrad 111.

8100600, magister, 0001601000 [0.
1101006003] 187.

81001000,111001000 [v.Bamberg]187.

8100000, (100ος 179.

80600, 010 1030600000 206.

7000001100 170.

Tarona 10, 19, 35, 58, 91, 98, 104, 107.

101001, 10110000 171.

Thomas (10 Aquino 122, 211.

Το1001, 61006610 000

- 00003 110010 116.

- 106000 11106006οο6 0. diesen.

Trier, 10600000, ’0006100601 0. 168,

Το60100, 10600000 96.

70001, 10600000, 0001 1010000601
166.

100600, 10600000 186.

- 810100 208.

Tyl, Arnold von 103.

1110100, Daniel, 0010006001600 10
Niirnberg 185.

11101011, 10600000 62, 87, 89.

Ungarn, Matthias, kbnig 0. 51,
168, 171.

Valentinus, apotheker [v. Ange·
burg 1] 165.

Valerius 1100100042, 58, 77, 811, ’

176, 179.
Valla, 6000001100 157.

 

