Register.

Aufgenommen sind 111111111111111111111111111111111111111111111
elassisehen und 11111111111111111 11111111111111.

Aeneas Sylvius (111111 Pius 11.) 9,
15, 34, 39, 52, 56, 83, 91, 99, 100,
108, 132, 157,161,189.

1111111. 1. 1. 8111111111.

1111118111111, 11111111 s. Knuber.

Albertus mugnus 210.

Alexander de Villa dei 7, 155.

111111 Pelnyo 118.

111111, Sigismund 47.

1111111, 1111111111 [81111] 142.

Aristoteles 80, 123136, 142,152,210.

1111111111, 8111111 186, 197.

1111, 1111111 111.

Augsburg, 1111111 v. 18111111-
burg.

Augustinus 14, 78, 99, 153, 160163.

11111111 152.

1111111174, 106, 109, 111, 146,
147, 178, 211.

1111111, 1111811111

- Ludwig der 811111 4, 6, 74,
110, 166, 168,170, 174, 176, 209.

—- iohannes [1. 11111111] 109.

- Mergnreths[v.ln301stsdt] 141.

- Otto [1. 1111111111] 168.

·- Friedrich [1. d. Ρ1111] 168, 192.

8111111, 11111111 v. 201.

Bumberg, Georg, bischof v. 169,201.

81111111111111 de Glunvills 164.

81111111, (1111111111 52.

Basilius 98, 132, 136.

Bsumgsrtnerin 196.

811111, Hermann, 11111 1. 81. Se·
bald 205.

8111111111. 0111111177, 118.

811111111 195.

811111111, 111111 8, 22, 39, 84,
115,147, 177.

81111111 179.

8111111, 8111111116, ktnig v. 52,
168, 170, 172, 192.

8111111, Jacob 167.

Brnndenburg‚ merkgruien 111

-111111 111111 11, 14, 111, ’
170, 187.

- 11111111, 11111111 168.

- 111131111111. 811111.

- Friedrich 11. 168, 173.

Brenn, Hieronymus 178, 189.

- 11111111 189.

8131110111, herzog v. 177.

Caesar 193.

01111111, 1111 48, 51.

011111, 111111111111 capellan 62, 67.

Cato 14, 136.

011111 10, 14, 18, 23, 25, 26, 27,
29, 55, 79, 93,107, 115, 135, 144,
151, 160, 165, 161180.

1111,1111111111111111111. 168,]92.

Constantinus Africanus 111.

Cornificius 38.

0111, Nicelsus v. 63.

 

